aqh:23.08715766887794
deh:23.08715766887794
djk:13.159383587270426
jrj:31.05755942292935
wb:23.08715766887794
wsb:31.05755942292935
wz:23.08715766887794